00 00 00 00 00 00 00 00 00 00 00 00 00 07 3f 3f 3f 1e 00 00 00 00 00 00 00 00 00 01 00 00 00 00 
00 00 00 0c 0e 0f 0f 0f 0f 0f 0e 0e 1e ff ff ff f8 38 7f 7f 3f 07 07 0f 1e 3c f0 80 00 00 00 00 
00 00 00 00 00 00 00 18 1c 3c 3c 3c ff ff ff f8 f8 f0 f0 e0 e0 f8 fe 3f 1f 07 03 01 00 00 00 00 
00 00 00 00 00 00 00 00 00 00 00 20 f0 f8 f8 18 00 00 00 00 00 00 00 00 80 80 c0 80 00 00 00 00 
00 00 00 00 00 00 00 00 00 00 00 00 01 01 03 03 04 08 00 00 00 00 00 00 00 01 0f 0f 07 00 00 00 
00 00 00 03 03 03 71 79 79 79 f9 ff ff ef 87 01 01 01 3f 7f 3f 01 01 01 01 ff ff ff e0 00 00 00 
00 00 00 80 c0 c0 c0 c0 c0 c0 fc fe fc c0 c0 c0 c0 fc fe fc c0 c0 c0 c0 cf ff ff ff 00 00 00 00 
00 00 00 00 00 00 00 00 00 00 00 00 00 00 00 00 00 00 00 00 00 00 00 00 80 e0 e0 e0 00 00 00 00 
00 00 00 00 00 00 00 01 07 03 01 00 00 03 01 00 00 00 00 00 00 00 00 00 00 00 00 00 00 00 00 00 
00 00 00 30 38 38 38 ff f8 f8 18 10 7f ff fc cc 0f 0f 0e 0e 0f 0e 0e 0e 0e 0e 0e 0e 0e 0c 04 00 
00 00 30 78 78 72 ff ff 70 60 c8 fc fe fe 1e 1e 1e 1e 1e 1c 1c fc 7c 38 30 00 00 00 00 00 00 00 
00 00 00 00 00 00 80 80 00 00 00 00 00 00 00 00 00 00 00 00 00 00 00 00 00 00 00 00 00 00 00 00 
00 00 00 03 03 01 01 01 01 01 09 1d 1d 1d 3d 3f 3b 13 03 03 03 03 03 03 03 03 03 03 03 01 00 00 
00 00 00 00 80 c0 c0 c0 80 c3 f3 fb b1 90 80 80 9f bf bf 9f 81 83 83 83 87 8e 8c 98 a0 00 00 00 
00 00 00 e0 f0 70 70 70 73 ff ff fb f3 f7 f7 ff ff ff f8 e0 c8 ce 8f 87 03 03 01 00 00 00 00 00 
00 00 00 00 00 00 00 00 00 80 c0 80 80 80 00 f0 f0 f0 00 00 00 00 00 80 c0 c0 e0 c0 00 00 00 00 
00 00 00 00 00 00 00 00 01 01 00 00 00 00 00 01 03 07 07 03 01 00 00 01 03 03 01 01 00 00 00 00 
00 00 00 00 01 07 1f 3f c0 f2 f3 f3 e3 e3 e3 c3 ff ff ff c1 01 c1 e1 c3 c3 c3 df 87 07 06 00 00 
00 00 60 f0 f8 f8 f8 80 00 00 80 c0 c0 c0 c3 ff ff ff c0 c0 c0 ce c7 c7 c7 c3 c3 c1 80 00 00 00 
00 00 00 00 00 00 00 00 00 00 00 00 00 00 00 80 80 80 00 00 00 00 80 80 c0 c0 c0 80 00 00 00 00 
00 00 00 00 00 00 00 00 00 00 00 00 00 00 00 00 00 00 00 00 00 00 00 00 00 01 00 00 00 00 00 00 
00 00 00 00 00 80 c0 e0 e0 e0 e0 e0 e0 e0 e0 e0 c0 c0 c0 c0 c0 40 40 00 00 c0 e0 e0 60 00 00 00 
00 00 00 00 00 00 00 00 00 00 00 00 00 00 00 00 00 00 00 00 00 00 00 00 00 00 00 00 00 00 00 00 
00 00 00 00 00 00 00 00 00 00 00 00 00 00 00 00 00 00 00 00 00 00 00 00 00 00 00 00 00 00 00 00 
